story_id,category,claim,example,coherence,grounding,evidence,comments
9,Plot,The author structures the plot around humorous interactions and playful conflict.,"In the story regarding ""Nico's reluctant beach day with demigod friends,"" the plot is driven by Nico's humorous resistance to beach activities, such as when Will insists on dragging him into the water, leading to Nico's exaggerated thoughts about shark attacks and his dramatic reaction to being thrown into the ocean.",,,,
9,Creativity,"The author employs humor and exaggeration to reinterpret the prompt, focusing on the comedic potential of the characters' interactions.","In the story regarding ""Nico's reluctant beach day with demigod friends,"" the author injects humor through Nico's sarcastic remarks and exaggerated fears, such as when he jokes about having a doctor's note to avoid the water and imagines his father regrowing his leg as a ghost.",,,,
9,Development (Character and Setting),"The author develops characters through their interactions and playful banter, highlighting their relationships.","In the story regarding ""Nico's reluctant beach day with demigod friends,"" character development is shown through the playful banter between Nico and Will, such as when Will insists on sending ""good vibes"" and Nico's eventual concession to join in the fun because of Will's persistence.",,,,
9,Language Use,The author employs playful and humorous language to create a lighthearted tone.,"In the story regarding ""Nico's reluctant beach day with demigod friends,"" the author uses playful language, such as ""yeeted into a watery grave"" and ""treading water as elegantly as possible, which is to say not at all,"" to convey Nico's humorous perspective on the beach day.",,,,
10,Plot,"The author structures the plot around a gradual build-up of humor and awkwardness, leading to a tender resolution.","In the story regarding ""Nico asking Will to teach him how to kiss,"" the author builds the plot through a series of humorous exchanges, such as Nico's misunderstanding of kissing techniques, which culminates in a sweet and unexpected kiss that leaves both characters in a state of surprise and realization.",,,,
10,Creativity,"The author creatively uses humor to reinterpret the prompt, adding a light-hearted and playful dimension to the narrative.","In the story regarding ""Nico asking Will to teach him how to kiss,"" the author introduces humor through Nico's misconceptions about kissing, such as thinking people ""lick each other"" and ""eat each other,"" which adds a comedic twist to the lesson.",,,,
10,Development (Character and Setting),"The author develops characters through their playful interactions and mutual teasing, enhancing their emotional connection.","In the story regarding ""Nico asking Will to teach him how to kiss,"" the author shows character development through the playful banter between Nico and Will, such as when Nico calls Will a ""very handsome duck,"" which deepens their bond and reveals their comfort with each other.",,,,
10,Language Use,The author employs light-hearted and humorous dialogue to create an engaging and relatable narrative.,"In the story regarding ""Nico asking Will to teach him how to kiss,"" the author uses dialogue like ""You look like a duck"" and ""You're a very handsome duck"" to infuse humor and charm into the interactions, making the narrative more engaging and relatable.",,,,
6,Plot,"The author emphasizes intimate, personal moments and character dynamics over external events.","In the story regarding ""a snowman named Edgar on an anniversary,"" the narrative focuses on the couple's cozy interactions, such as Nico curling into Will on the sofa and their affectionate exchanges, rather than exploring the snowman's potential liveliness.",,,,
6,Creativity,The author integrates personal and cultural references to enrich the narrative.,"In the story regarding ""a snowman named Edgar on an anniversary,"" the author includes references to Camp Half-Blood and characters like Chiron and Mr. D, adding depth and a sense of continuity to the world in which Will and Nico exist.",,,,
6,Language Use,The author uses vivid and sensory language to create an immersive atmosphere.,"In the story regarding ""a snowman named Edgar on an anniversary,"" the author describes the snow falling steadily and the cold nipping at Will's skin, with snowflakes dancing around him, which vividly sets the scene and mood.",,,,
